668
85 21 85 32
167 30 168 33
138 39 148 39
128 25 136 25
52 5 53 10
170 43 170 53
136 57 146 57
93 42 94 46
98 33 98 43
55 12 58 14
1 15 6 16
15 5 16 10
36 22 37 25
27 1 28 6
41 50 52 50
139 43 149 43
157 29 168 29
114 11 116 13
56 25 65 25
91 18 92 21
32 7 33 11
42 16 43 19
42 48 46 49
142 3 148 3
69 27 71 29
18 26 18 37
59 11 67 11
134 35 135 40
76 31 83 31
0 40 3 42
159 13 162 14
40 17 40 27
104 33 109 34
143 18 143 29
155 53 158 55
97 56 98 59
35 30 36 34
129 15 132 17
76 33 87 33
47 26 56 26
173 1 178 2
104 51 105 56
108 47 119 47
99 9 99 17
167 20 175 20
103 4 104 7
122 30 124 33
125 44 136 44
143 50 153 50
47 30 47 33
81 8 82 11
74 37 74 46
92 22 93 26
101 42 110 42
146 11 146 22
33 55 37 56
48 3 49 8
55 34 55 43
129 26 130 28
13 30 13 37
136 8 143 8
170 27 175 28
63 36 66 38
158 11 158 21
68 8 68 17
48 36 52 36
8 32 10 35
94 11 96 14
26 47 30 48
155 23 155 30
118 46 127 46
141 13 141 21
95 30 100 31
29 54 31 56
122 2 123 5
42 25 44 27
144 15 145 20
161 1 167 1
78 30 84 30
119 13 121 16
169 36 169 46
128 48 130 51
22 37 24 39
175 52 178 54
28 51 31 53
151 48 154 48
45 47 54 47
57 32 57 42
89 34 96 34
23 58 34 58
159 5 170 5
159 54 160 59
90 28 90 32
71 55 78 55
21 56 24 56
2 18 2 28
19 44 19 52
72 4 74 6
7 59 16 59
11 19 11 25
85 3 87 6
67 26 78 26
40 3 43 5
16 53 17 58
123 8 131 8
101 21 102 24
163 14 164 15
33 0 40 0
101 55 101 59
32 49 35 50
153 6 154 10
134 9 143 9
171 39 172 44
8 45 8 56
77 38 80 40
86 15 97 15
120 35 124 36
158 7 161 9
163 52 167 53
160 2 163 2
37 9 39 12
112 39 122 39
19 9 20 12
68 56 78 56
75 53 80 53
115 1 123 1
89 20 89 31
150 46 155 47
2 4 2 12
131 47 131 57
118 55 128 55
48 16 51 18
100 8 111 8
65 42 73 42
97 25 98 29
29 7 29 10
148 25 153 26
56 46 58 47
88 27 88 36
43 46 54 46
59 27 59 38
50 20 52 23
161 44 161 53
23 18 26 20
173 6 173 16
102 57 105 59
71 0 71 4
61 32 61 42
173 39 176 41
50 54 55 55
119 11 123 12
75 14 76 19
176 8 178 11
17 7 18 10
165 34 167 37
120 26 122 28
160 32 162 34
139 52 142 54
136 33 146 33
7 9 7 15
41 26 41 37
134 29 135 32
53 28 54 31
149 0 151 3
65 2 70 2
162 7 172 7
41 54 42 59
155 40 156 45
67 49 69 52
70 30 70 41
103 27 114 27
21 7 21 13
165 54 167 57
166 25 168 28
35 2 39 2
20 57 29 57
109 35 118 35
12 45 16 46
62 54 72 54
47 37 49 39
137 17 139 20
24 8 24 16
57 56 67 56
101 1 104 3
23 21 32 21
116 6 119 7
136 0 145 0
106 7 114 7
75 28 83 28
23 23 26 25
78 1 81 3
155 32 155 34
146 28 148 30
60 52 64 52
36 19 39 21
57 1 58 2
87 8 88 10
138 58 148 58
21 49 26 49
157 46 158 50
132 0 133 4
149 55 151 56
140 37 145 38
20 54 28 54
145 45 148 46
133 50 134 55
110 49 110 59
1 2 1 11
128 29 128 40
7 44 7 50
112 12 113 17
10 55 14 56
139 31 149 31
59 0 59 7
10 17 10 27
123 49 123 54
32 39 33 42
100 26 101 28
61 44 65 45
127 4 130 6
163 12 168 13
48 19 56 19
111 36 111 46
137 45 137 54
178 35 178 43
2 46 2 50
127 20 127 26
8 15 8 23
138 44 138 54
17 42 18 47
168 35 176 35
73 30 75 33
152 11 153 16
29 5 39 5
139 3 141 5
168 56 170 59
85 43 87 46
113 23 119 23
113 4 116 5
32 52 37 53
100 11 110 11
40 46 40 54
116 38 123 38
127 9 127 18
90 16 90 24
102 48 113 48
132 32 133 37
42 44 47 45
122 59 126 59
139 7 150 7
8 3 8 14
77 13 78 18
85 54 92 54
28 12 28 17
60 24 71 24
80 16 82 17
134 0 135 5
117 11 118 13
44 13 49 14
46 0 50 1
17 13 19 15
3 3 5 6
27 28 37 28
2 32 5 34
105 43 110 43
111 53 113 56
157 39 158 43
0 54 1 59
122 45 131 45
5 55 7 57
20 50 25 51
179 51 179 59
99 47 99 54
56 9 60 10
3 26 8 27
122 47 126 48
101 35 103 36
17 1 19 4
56 55 64 55
82 51 85 52
81 20 86 20
119 19 124 20
89 51 98 51
76 2 76 10
71 11 75 12
140 28 142 30
46 17 47 21
112 32 115 33
55 29 57 31
93 47 96 49
105 0 106 4
163 30 165 33
150 42 154 43
110 2 113 3
99 18 100 21
19 34 22 35
152 54 154 57
71 46 73 48
38 33 39 38
66 12 67 16
120 51 121 53
62 21 67 21
164 54 164 59
179 27 179 34
114 43 124 43
127 0 128 3
86 56 89 57
144 52 147 52
25 2 25 12
6 0 9 2
74 57 81 57
95 21 96 26
21 52 25 53
157 7 157 17
110 29 120 29
50 32 53 33
136 40 139 41
147 9 147 19
174 43 177 45
31 18 33 20
30 36 35 36
176 46 178 49
38 7 47 7
40 8 44 8
45 27 53 27
102 13 102 19
171 18 175 19
68 18 71 18
171 57 176 58
5 35 5 44
80 23 84 24
70 5 70 16
116 16 118 18
91 7 92 12
115 14 115 21
178 18 178 28
108 21 109 25
166 21 168 22
29 23 33 24
64 26 66 28
45 34 47 36
176 15 178 17
96 0 99 1
84 34 84 40
90 40 93 41
27 37 37 37
45 54 46 59
115 25 126 25
6 37 8 40
125 35 127 37
20 0 22 2
20 18 21 22
89 59 95 59
22 3 22 13
34 6 43 6
141 47 143 48
42 40 52 40
105 17 106 22
3 49 3 57
69 11 69 17
159 44 160 46
40 15 50 15
116 41 127 41
39 42 50 42
76 41 82 41
155 7 155 18
88 38 93 39
151 36 153 39
14 35 14 44
74 23 76 25
110 9 121 9
164 9 168 10
55 0 56 5
128 56 128 59
101 44 110 44
110 34 115 34
29 12 31 14
32 3 35 4
43 20 45 23
160 21 163 23
60 5 65 6
0 0 0 7
73 34 75 35
174 22 176 24
147 40 152 41
58 16 63 17
66 59 76 59
138 11 141 12
160 25 162 27
66 29 68 32
26 41 29 43
0 29 4 30
153 17 154 20
166 39 168 42
23 2 23 12
106 57 109 59
134 59 143 59
133 9 133 17
74 47 77 48
148 8 149 13
125 27 126 32
99 4 102 6
24 22 33 22
107 49 109 52
128 21 138 21
128 11 128 19
107 28 116 28
75 50 80 51
112 51 115 52
10 43 11 46
65 39 67 41
45 52 56 52
61 18 66 19
168 48 169 51
144 47 149 48
124 53 129 54
19 28 20 33
96 38 97 40
16 20 18 23
69 33 69 39
129 18 134 19
149 20 152 21
149 52 154 53
45 4 47 5
123 14 124 18
158 35 163 36
101 31 105 32
173 50 174 54
144 51 151 51
9 7 9 16
16 40 25 40
80 45 82 47
152 1 156 2
10 7 11 11
145 34 151 34
1 36 3 39
30 25 33 27
120 10 126 10
159 11 167 11
4 53 6 54
169 9 170 13
66 20 76 20
51 0 53 2
15 27 15 35
28 30 33 31
9 51 11 53
76 43 79 45
102 37 107 38
101 51 103 53
157 30 157 36
162 44 167 44
171 3 174 5
79 34 80 37
90 1 92 3
97 5 98 10
102 45 107 46
159 42 161 43
93 2 98 3
113 42 122 42
162 47 164 50
16 27 16 37
159 15 162 17
96 44 98 46
61 46 70 46
62 36 62 43
37 30 40 32
8 28 14 28
79 10 79 17
165 14 170 15
87 53 97 53
60 26 60 37
21 30 26 31
99 55 100 59
58 32 58 41
163 24 164 28
56 34 56 41
64 49 66 51
4 58 10 58
139 24 141 27
175 5 175 14
112 49 122 49
99 32 99 41
129 29 130 32
43 29 51 29
34 11 34 22
81 14 91 14
0 22 1 26
50 44 54 45
76 11 77 12
39 43 49 43
64 0 68 1
95 17 97 18
12 11 16 12
156 27 156 37
125 17 126 22
67 43 72 44
4 10 5 13
158 4 167 4
131 0 131 3
34 54 37 54
120 7 130 7
88 43 89 47
55 20 59 21
86 24 87 25
73 22 84 22
47 11 58 11
81 55 92 55
92 42 92 47
112 36 115 38
103 26 108 26
136 55 147 55
62 31 63 35
12 51 14 54
39 25 39 27
142 22 142 27
112 8 122 8
31 39 31 43
44 0 45 1
116 58 127 58
71 14 74 16
83 47 87 48
159 47 160 52
54 57 62 57
148 14 149 18
145 35 152 35
52 12 53 17
64 3 67 4
175 29 176 32
70 50 71 53
134 15 138 16
112 44 118 44
39 44 39 55
111 31 118 31
109 26 119 26
41 24 50 24
88 1 89 4
146 23 147 27
173 46 175 49
71 35 72 40
50 3 51 7
152 51 158 51
44 10 51 10
3 22 4 25
150 28 152 31
164 23 172 23
29 1 31 4
158 22 159 27
125 42 129 43
60 12 65 13
79 5 84 6
104 23 106 25
144 53 146 53
141 40 146 41
137 35 139 36
61 10 66 10
0 10 0 20
98 12 98 23
85 36 85 41
174 7 174 16
6 41 6 52
37 41 48 41
46 51 56 51
17 59 27 59
63 57 68 58
40 12 41 14
75 37 76 39
30 6 31 10
116 19 117 22
175 36 177 38
179 14 179 25
0 44 0 50
129 11 131 14
171 10 172 15
141 45 144 46
16 16 18 18
56 43 60 44
84 16 89 17
149 59 158 59
122 13 122 18
147 5 151 6
48 31 49 34
69 3 69 8
100 9 104 10
166 2 170 3
4 39 4 50
132 38 133 42
54 32 54 43
140 44 151 44
17 26 17 36
74 0 85 0
139 2 147 2
154 25 154 36
41 16 41 19
111 57 112 59
67 45 73 45
137 28 139 30
128 46 130 47
110 20 111 25
117 57 125 57
36 3 39 4
135 11 137 13
108 0 109 4
3 7 6 9
93 7 96 8
35 10 36 13
123 39 126 40
129 34 129 40
90 56 93 58
77 19 85 19
9 42 9 50
31 46 33 48
35 20 35 26
9 36 12 38
171 46 171 53
106 13 108 16
116 33 119 34
72 18 74 19
135 51 136 53
94 21 94 30
101 49 105 50
143 4 154 4
89 7 90 12
3 17 5 18
147 57 150 57
161 56 162 59
114 54 115 59
72 1 75 3
93 19 97 20
10 0 12 3
25 35 26 39
36 47 38 50
136 1 146 1
72 7 74 10
107 5 110 6
68 21 78 21
100 37 101 41
55 32 56 33
158 10 163 10
11 13 12 18
116 37 124 37
44 30 46 33
118 51 119 54
176 4 178 7
155 48 156 50
114 0 125 0
57 48 59 51
81 34 82 39
102 28 106 29
18 49 18 58
150 12 151 17
129 56 130 59
42 35 44 38
162 37 163 42
32 12 32 17
101 13 101 20
11 47 16 48
170 29 172 32
136 22 141 23
42 53 53 53
34 40 36 43
144 21 145 26
20 44 22 47
54 16 57 18
136 56 147 56
30 57 40 57
82 57 85 59
57 3 58 8
168 52 169 55
